Optimization Report
====================
Best hyperparameters:
[8.19970033e-02 2.00000000e+02 2.37763627e-01 9.22833798e-03
 3.20000000e+01]
Best validation accuracy: 1.0000

All evaluated scores:
[1.         0.76666667 1.         0.76666667 1.         0.9
 0.9        0.3        0.96666667 1.         1.         1.
 0.83333333 0.8        1.         1.         0.83333333 1.
 1.         0.96666667 1.         1.         1.         0.96666667
 1.         0.76666667 1.         0.96666667 1.         1.
 0.76666667 0.73333333 1.         1.         1.         1.
 1.         1.         1.         1.         1.         0.93333333
 1.         1.         0.96666667 0.96666667 0.96666667 1.
 1.         1.         1.         1.         0.96666667 1.
 1.        ]
